52
Amnicola_limosus_MW927466.1_Amnicolidae_MN         0.0000000 0.3189987 0.3023404 0.3169080 0.2857276 0.3274535 0.3430195 0.3154772 0.3064669 0.2450177 0.3693052 0.3887227 0.3913116 0.3636729 0.3594961 0.3943026 0.3798892 0.3931094 0.3584873 0.3697255 0.3578993 0.3690940 0.3714620 0.3444129 0.3663368 0.3852286 0.3795513 0.3659118 0.3712251 0.3667218 0.3517021 0.3422844 0.3319759 0.3578532 0.3976922 0.3785480 0.4454886 0.3161580 0.3125516 0.3003635 0.3164630 0.3053840 0.3703026 0.3263994 0.2863762 0.4289464 0.3597248 0.4873380 0.3431037 0.3422457 0.3188383 0.2899714 
Benedictia_baicalensis_PX552835.1                  0.3189987 0.0000000 0.0216088 0.0142146 0.0491520 0.2845584 0.3610048 0.2080711 0.1890096 0.1650796 0.1818343 0.2023830 0.2066820 0.2749994 0.1733767 0.2103019 0.2131387 0.2131549 0.2181675 0.2562317 0.2320872 0.1781987 0.1850481 0.1995345 0.2176821 0.2037935 0.1999251 0.1992352 0.2196354 0.2069820 0.1964512 0.2504947 0.2388268 0.1865394 0.2169480 0.3810471 0.4008595 0.0722618 0.0652623 0.0594660 0.0673788 0.0412023 0.3193296 0.0932750 0.1003644 0.4157083 0.4144483 0.4830540 0.3851381 0.3891099 0.2717657 0.0352779 
Benedictia_distinguenda_lamuana_PX552844.1         0.3023404 0.0216088 0.0000000 0.0070342 0.0394636 0.2765101 0.3575781 0.2015948 0.1852354 0.1650796 0.1776987 0.1939883 0.2030255 0.2573761 0.1652593 0.2066249 0.2026423 0.2106953 0.1930023 0.2410689 0.2278399 0.1687709 0.1815461 0.1980054 0.2089670 0.1981192 0.1915089 0.1952507 0.2271052 0.1886478 0.1799541 0.2552701 0.2344428 0.1722173 0.1983191 0.3869673 0.3996129 0.0647230 0.0525786 0.0488829 0.0546163 0.0293142 0.3042807 0.0964602 0.1054749 0.4298778 0.4283581 0.4992132 0.3703759 0.3702814 0.2516893 0.0258369 
Benedictia_fragilis_PP430721.1                     0.3169080 0.0142146 0.0070342 0.0000000 0.0393978 0.2897582 0.3652623 0.2043053 0.1844462 0.1650796 0.1725334 0.1898113 0.2035615 0.2697107 0.1614860 0.2071636 0.2031763 0.2062717 0.2035066 0.2454049 0.2251076 0.1788763 0.1820573 0.1956838 0.2044757 0.2006285 0.1873465 0.1992352 0.2225249 0.1924554 0.1837517 0.2543225 0.2426783 0.1747296 0.2022246 0.3828527 0.3975447 0.0646030 0.0568971 0.0511707 0.0589671 0.0333031 0.3054120 0.0914746 0.1052477 0.4273821 0.4178873 0.4870275 0.3792454 0.3726240 0.2677101 0.0275706 
Benedictia_nana_PP430726.1                         0.2857276 0.0491520 0.0394636 0.0393978 0.0000000 0.2608515 0.3455355 0.2022212 0.1921054 0.0901656 0.1672203 0.1935557 0.1968841 0.2521238 0.1649493 0.2065748 0.1994071 0.2070356 0.1998256 0.2266168 0.1964182 0.1589008 0.1703253 0.1887711 0.1953955 0.1772529 0.1851946 0.2030966 0.2039054 0.1837455 0.1875155 0.2524736 0.2406609 0.1640331 0.1933888 0.3577286 0.3705342 0.0595280 0.0602118 0.0563949 0.0623435 0.0478469 0.3249200 0.0966117 0.0925013 0.4363471 0.4085730 0.4930683 0.3558555 0.3661954 0.2565653 0.0437246 
Birgella_subglobosa_HQ179127.1_Hydrobiidae_MN      0.3274535 0.2845584 0.2765101 0.2897582 0.2608515 0.0000000 0.2947955 0.1985941 0.2034422 0.0901656 0.3121965 0.3460966 0.3437747 0.2955757 0.3253293 0.3395857 0.3181500 0.3404282 0.3013334 0.2965168 0.2823653 0.3035992 0.3064634 0.3466769 0.3334637 0.2840086 0.3140833 0.3156037 0.3151847 0.3354693 0.3187785 0.2764040 0.2846134 0.2997424 0.3420164 0.4219227 0.3657193 0.2835104 0.2590659 0.2502898 0.2625836 0.2919071 0.2738281 0.2821828 0.2544018 0.2986358 0.4026902 0.5443710 0.3319167 0.2966825 0.2188880 0.2909473 
Cincinnatia_integra_HQ179122.1_Hydrobiidae_MN      0.3430195 0.3610048 0.3575781 0.3652623 0.3455355 0.2947955 0.0000000 0.3191215 0.2880813 0.4293087 0.3708311 0.3930885 0.4219404 0.3516533 0.3814057 0.4064450 0.3854466 0.4046866 0.3410974 0.3406299 0.3329341 0.3806281 0.3831485 0.4169189 0.3650206 0.3858178 0.3933767 0.3955299 0.3762570 0.4289280 0.3872419 0.3948532 0.4168453 0.3843555 0.4225069 0.4276106 0.3726300 0.3858425 0.3673210 0.3554564 0.3715353 0.3953082 0.4002691 0.3409797 0.3153230 0.1962693 0.2959982 0.5993867 0.2820878 0.3093297 0.3670518 0.3707406 
eggs_1912005                                       0.3154772 0.2080711 0.2015948 0.2043053 0.2022212 0.1985941 0.3191215 0.0000000 0.0000010 0.0000010 0.2643439 0.2733515 0.2759814 0.2960940 0.2461062 0.2804766 0.2681780 0.2691732 0.2745121 0.2640046 0.2623214 0.2674597 0.2680656 0.2660009 0.2721569 0.2634470 0.2582985 0.2847292 0.2853100 0.2574127 0.2681048 0.2746121 0.2898639 0.2471982 0.2883486 0.4311445 0.4352856 0.2140658 0.2155467 0.2028606 0.2190088 0.1998602 0.3139812 0.2123366 0.2050101 0.3657032 0.4333803 0.4705061 0.2765932 0.2183750 0.0830097 0.2131577 
eggs_1912006                                       0.3064669 0.1890096 0.1852354 0.1844462 0.1921054 0.2034422 0.2880813 0.0000010 0.0000000 0.0000010 0.2539967 0.2738850 0.2631441 0.2964903 0.2380849 0.2734386 0.2633021 0.2713982 0.2651296 0.2847643 0.2571894 0.2658730 0.2594882 0.2552623 0.2797475 0.2734116 0.2411570 0.2784215 0.2866241 0.2661461 0.2788476 0.2637807 0.2879331 0.2293208 0.3056523 0.4119563 0.4446225 0.2079283 0.2098084 0.1939923 0.2141739 0.1872576 0.3080025 0.2054708 0.2001815 0.3327696 0.3830191 0.4440093 0.2985736 0.2384910 0.0784577 0.2086103 
eggs_1912008                                       0.2450177 0.1650796 0.1650796 0.1650796 0.0901656 0.0901656 0.4293087 0.0000010 0.0000010 0.0000000 0.1613538 0.1613538 0.1613538 0.1916025 0.1219443 0.1613538 0.1613538 0.1613538 0.1219443 0.2462622 0.1979728 0.1219443 0.1613538 0.1979728 0.2553611 0.0874934 0.1613538 0.2048033 0.1563048 0.1219443 0.1613538 0.1613538 0.1613538 0.1613538 0.1613538 0.1916025 0.2210811 0.1650796 0.1678234 0.1678234 0.1678234 0.1708769 0.2316933 0.1241448 0.0901656 0.3341394 0.3461355 0.3603464 0.2676153 0.0874934 0.0257377 0.1650796 
Fluminicola_ahjumawai_AY962907.1                   0.3693052 0.1818343 0.1776987 0.1725334 0.1672203 0.3121965 0.3708311 0.2643439 0.2539967 0.1613538 0.0000000 0.1034339 0.0391320 0.1891011 0.0885528 0.0373360 0.0406999 0.1151503 0.1258056 0.1786962 0.1304725 0.0869261 0.0263497 0.0944764 0.1135190 0.0666780 0.1064420 0.1198930 0.0875896 0.1124450 0.1036195 0.2634017 0.2657015 0.1106185 0.0988979 0.4570979 0.4252111 0.2106503 0.1796126 0.1698033 0.1825971 0.1751725 0.3552926 0.2093698 0.2027843 0.3915317 0.3711436 0.5215852 0.3678238 0.3741905 0.3367367 0.1802872 
Fluminicola_anserinus_AY962985.1                   0.3887227 0.2023830 0.1939883 0.1898113 0.1935557 0.3460966 0.3930885 0.2733515 0.2738850 0.1613538 0.1034339 0.0000000 0.1097588 0.1756272 0.0406044 0.1115878 0.1091758 0.0372670 0.1206796 0.1801496 0.1417610 0.1093472 0.1014251 0.1103646 0.0443330 0.1002843 0.0372356 0.0456931 0.1098048 0.0962530 0.0392164 0.2785257 0.2884264 0.0678139 0.0954609 0.4734075 0.4454632 0.2040106 0.1866989 0.1889197 0.1897371 0.1935326 0.4121025 0.2464016 0.2310849 0.4701695 0.4235067 0.5444429 0.3971129 0.3783567 0.3444972 0.2118305 
Fluminicola_caballensis_AY962914.1                 0.3913116 0.2066820 0.2030255 0.2035615 0.1968841 0.3437747 0.4219404 0.2759814 0.2631441 0.1613538 0.0391320 0.1097588 0.0000000 0.1833195 0.1074895 0.0140157 0.0270408 0.1238805 0.1352801 0.1792733 0.1435580 0.0891533 0.0385225 0.1048138 0.1154377 0.0759900 0.1003475 0.1221260 0.0894675 0.1235647 0.1099694 0.2922133 0.2961862 0.1134585 0.1117474 0.4681003 0.4229103 0.2434983 0.2113567 0.1958879 0.2145300 0.2000555 0.3733922 0.2283715 0.2101501 0.3922773 0.4037765 0.5232449 0.3783369 0.3808815 0.3656101 0.2061208 
Fluminicola_coloradensis_AY962915.1                0.3636729 0.2749994 0.2573761 0.2697107 0.2521238 0.2955757 0.3516533 0.2960940 0.2964903 0.1916025 0.1891011 0.1756272 0.1833195 0.0000000 0.1682124 0.1846974 0.1784443 0.1734974 0.1300094 0.0452124 0.1112971 0.1758299 0.1887711 0.1863201 0.1743703 0.1802168 0.1686163 0.1861347 0.1824279 0.1900032 0.1734429 0.2931373 0.2919605 0.1875616 0.1956312 0.4495297 0.4019873 0.2941705 0.2819585 0.2574511 0.2854316 0.2641737 0.4272478 0.2615577 0.2419792 0.4385135 0.4179545 0.6032875 0.4224294 0.3967860 0.3180949 0.2696966 
Fluminicola_dalli_AY962916.1                       0.3594961 0.1733767 0.1652593 0.1614860 0.1649493 0.3253293 0.3814057 0.2461062 0.2380849 0.1219443 0.0885528 0.0406044 0.1074895 0.1682124 0.0000000 0.1093127 0.1069224 0.0409643 0.1021042 0.1699867 0.1404905 0.0903653 0.0969598 0.1081507 0.0517274 0.0976203 0.0426803 0.0585619 0.1076105 0.0781726 0.0426448 0.2788877 0.2816411 0.0644629 0.0855741 0.4400621 0.4394515 0.1805148 0.1683911 0.1649702 0.1713396 0.1568538 0.3927637 0.2162349 0.2088980 0.4470100 0.4154734 0.5438415 0.3883526 0.3782022 0.3126483 0.1811994 
Fluminicola_erosus_AY962921.1                      0.3943026 0.2103019 0.2066249 0.2071636 0.2065748 0.3395857 0.4064450 0.2804766 0.2734386 0.1613538 0.0373360 0.1115878 0.0140157 0.1846974 0.1093127 0.0000000 0.0156044 0.1257428 0.1420243 0.1860711 0.1504524 0.0909232 0.0331941 0.0985271 0.1127302 0.0701902 0.1105726 0.1283395 0.0912026 0.1254307 0.1118054 0.2900126 0.2867656 0.1237563 0.1052129 0.4824754 0.4172961 0.2474034 0.2089317 0.1994217 0.2121051 0.2036943 0.3818910 0.2378128 0.2258267 0.3969199 0.4203294 0.5235411 0.4033474 0.3887952 0.3706839 0.2168139 
Fluminicola_favillaceus_AY962930.1                 0.3798892 0.2131387 0.2026423 0.2031763 0.1994071 0.3181500 0.3854466 0.2681780 0.2633021 0.1613538 0.0406999 0.1091758 0.0270408 0.1784443 0.1069224 0.0156044 0.0000000 0.1189111 0.1352581 0.1797666 0.1386275 0.0971018 0.0366245 0.0962661 0.1105650 0.0757954 0.1081459 0.1214518 0.0890312 0.1232086 0.1093828 0.2734519 0.2774876 0.1212583 0.1072518 0.4860922 0.4163357 0.2396658 0.1988740 0.1896677 0.2019988 0.1965436 0.3702961 0.2279189 0.2162232 0.4134236 0.3951781 0.5366484 0.3890400 0.3631916 0.3647913 0.2126653 
Fluminicola_fremonti_AY962932.1                    0.3931094 0.2131549 0.2106953 0.2062717 0.2070356 0.3404282 0.4046866 0.2691732 0.2713982 0.1613538 0.1151503 0.0372670 0.1238805 0.1734974 0.0409643 0.1257428 0.1189111 0.0000000 0.1330074 0.1908181 0.1513455 0.1210245 0.1135018 0.1199300 0.0536383 0.1181753 0.0498729 0.0515021 0.1192796 0.1033400 0.0482768 0.2618386 0.2778317 0.0818744 0.1024619 0.4800678 0.4256707 0.2140100 0.2030943 0.2053016 0.2062209 0.1981790 0.3894803 0.2598588 0.2498624 0.4714528 0.4397573 0.5843474 0.3921868 0.3776614 0.3584367 0.2253221 
Fluminicola_fresti_MF157633.1                      0.3584873 0.2181675 0.1930023 0.2035066 0.1998256 0.3013334 0.3410974 0.2745121 0.2651296 0.1219443 0.1258056 0.1206796 0.1352801 0.1300094 0.1021042 0.1420243 0.1352581 0.1330074 0.0000000 0.1332053 0.1304476 0.0912318 0.1324179 0.1308132 0.1245340 0.1371337 0.1100209 0.1273143 0.1234050 0.0984437 0.1053025 0.2850800 0.2612356 0.1188164 0.1078754 0.4340226 0.4372996 0.2212724 0.2029123 0.1868394 0.2059897 0.1867953 0.4202994 0.2380570 0.2294537 0.4386517 0.3836861 0.5812263 0.4063040 0.3812222 0.3033694 0.2041111 
Fluminicola_fusca_DQ372901.1                       0.3697255 0.2562317 0.2410689 0.2454049 0.2266168 0.2965168 0.3406299 0.2640046 0.2847643 0.2462622 0.1786962 0.1801496 0.1792733 0.0452124 0.1699867 0.1860711 0.1797666 0.1908181 0.1332053 0.0000000 0.1072094 0.1794379 0.1885607 0.1916196 0.1835246 0.1724982 0.1746816 0.1941041 0.1784924 0.1876835 0.1807827 0.2918368 0.2977213 0.1839608 0.1990540 0.4700586 0.4033057 0.2662498 0.2576154 0.2340418 0.2610104 0.2522189 0.4358649 0.2539010 0.2328918 0.4250541 0.3867594 0.6353504 0.4000328 0.3855537 0.3079118 0.2377064 
Fluminicola_insolitus_AY962934.1                   0.3578993 0.2320872 0.2278399 0.2251076 0.1964182 0.2823653 0.3329341 0.2623214 0.2571894 0.1979728 0.1304725 0.1417610 0.1435580 0.1112971 0.1404905 0.1504524 0.1386275 0.1513455 0.1304476 0.1072094 0.0000000 0.1545375 0.1319355 0.1462840 0.1495255 0.1249279 0.1443994 0.1570616 0.1510383 0.1588813 0.1421282 0.2518570 0.2834007 0.1572427 0.1462169 0.4361495 0.3994176 0.2304948 0.2190850 0.2083501 0.2222586 0.2214358 0.3905874 0.2191045 0.2067415 0.3978892 0.3818431 0.5592221 0.3879949 0.3603274 0.3068430 0.2231840 
Fluminicola_klamathensis_MK246453.1                0.3690940 0.1781987 0.1687709 0.1788763 0.1589008 0.3035992 0.3806281 0.2674597 0.2658730 0.1219443 0.0869261 0.1093472 0.0891533 0.1758299 0.0903653 0.0909232 0.0971018 0.1210245 0.0912318 0.1794379 0.1545375 0.0000000 0.0859283 0.0926614 0.1173817 0.0945764 0.1103531 0.1158185 0.1033094 0.0907329 0.0946668 0.2919028 0.2578676 0.1099545 0.1023599 0.4034146 0.4427393 0.2025730 0.1764114 0.1665085 0.1794329 0.1758270 0.4293335 0.2426004 0.2327688 0.4420770 0.4188438 0.5833623 0.4094136 0.4090304 0.3488321 0.1735029 
Fluminicola_lunsfordensis_AY962935.1               0.3714620 0.1850481 0.1815461 0.1820573 0.1703253 0.3064634 0.3831485 0.2680656 0.2594882 0.1613538 0.0263497 0.1014251 0.0385225 0.1887711 0.0969598 0.0331941 0.0366245 0.1135018 0.1324179 0.1885607 0.1319355 0.0859283 0.0000000 0.0831367 0.1093120 0.0534125 0.1068422 0.1136410 0.0724750 0.1136194 0.1038562 0.2612693 0.2726604 0.1110054 0.0955672 0.4942868 0.4271427 0.2136148 0.1770546 0.1729173 0.1800411 0.1849239 0.3729575 0.2271121 0.2138132 0.3925068 0.4011310 0.5450033 0.3585111 0.3711267 0.3496152 0.1777185 
Fluminicola_modoci_MK246478.1                      0.3444129 0.1995345 0.1980054 0.1956838 0.1887711 0.3466769 0.4169189 0.2660009 0.2552623 0.1979728 0.0944764 0.1103646 0.1048138 0.1863201 0.1081507 0.0985271 0.0962661 0.1199300 0.1308132 0.1916196 0.1462840 0.0926614 0.0831367 0.0000000 0.1114637 0.0965901 0.1069968 0.1093442 0.0637766 0.1103575 0.0972812 0.2877415 0.2865442 0.1252929 0.0905904 0.4550314 0.4323939 0.2307239 0.1881847 0.1791919 0.1912948 0.2064198 0.4233621 0.2695927 0.2560516 0.4617858 0.4223530 0.5824682 0.4125895 0.4182271 0.3372072 0.2029801 
Fluminicola_multifarius_MN784944.1                 0.3663368 0.2176821 0.2089670 0.2044757 0.1953955 0.3334637 0.3650206 0.2721569 0.2797475 0.2553611 0.1135190 0.0443330 0.1154377 0.1743703 0.0517274 0.1127302 0.1105650 0.0536383 0.1245340 0.1835246 0.1495255 0.1173817 0.1093120 0.1114637 0.0000000 0.1140931 0.0514765 0.0514531 0.1174209 0.0909931 0.0558134 0.2712064 0.2882353 0.0742079 0.0921778 0.4844999 0.4662584 0.2106146 0.1943656 0.1858916 0.1975115 0.2086548 0.4047459 0.2684297 0.2581724 0.4605021 0.4085297 0.5393509 0.4193378 0.3855449 0.3654656 0.2142427 
Fluminicola_neritoides_AY962955.1                  0.3852286 0.2037935 0.1981192 0.2006285 0.1772529 0.2840086 0.3858178 0.2634470 0.2734116 0.0874934 0.0666780 0.1002843 0.0759900 0.1802168 0.0976203 0.0701902 0.0757954 0.1181753 0.1371337 0.1724982 0.1249279 0.0945764 0.0534125 0.0965901 0.1140931 0.0000000 0.1074713 0.1164368 0.0871561 0.1168042 0.1071997 0.2792706 0.2893362 0.1134305 0.0990767 0.4749639 0.3990591 0.2187102 0.1963809 0.1918211 0.1995586 0.1972965 0.4107070 0.2340145 0.2052950 0.3951821 0.4106925 0.5254545 0.3827632 0.3727971 0.3405359 0.1833563 
Fluminicola_potemicus_AY962957.1                   0.3795513 0.1999251 0.1915089 0.1873465 0.1851946 0.3140833 0.3933767 0.2582985 0.2411570 0.1613538 0.1064420 0.0372356 0.1003475 0.1686163 0.0426803 0.1105726 0.1081459 0.0498729 0.1100209 0.1746816 0.1443994 0.1103531 0.1068422 0.1069968 0.0514765 0.1074713 0.0000000 0.0551272 0.0964684 0.0955205 0.0412902 0.2755538 0.2939410 0.0607710 0.0843113 0.4602400 0.4391797 0.1998045 0.1920272 0.1883920 0.1950837 0.1850503 0.3866028 0.2370397 0.2218046 0.4445451 0.4122415 0.5302177 0.3814037 0.3659175 0.3438196 0.2093437 
Fluminicola_scopulinus_AY962959.1                  0.3659118 0.1992352 0.1952507 0.1992352 0.2030966 0.3156037 0.3955299 0.2847292 0.2784215 0.2048033 0.1198930 0.0456931 0.1221260 0.1861347 0.0585619 0.1283395 0.1214518 0.0515021 0.1273143 0.1941041 0.1570616 0.1158185 0.1136410 0.1093442 0.0514531 0.1164368 0.0551272 0.0000000 0.1147303 0.0998126 0.0533142 0.2892117 0.2896124 0.0664191 0.0950511 0.4697340 0.4566959 0.2101018 0.1937840 0.1795252 0.1969054 0.2007740 0.4105786 0.2685770 0.2407050 0.4885907 0.4433987 0.5674701 0.3759001 0.4022574 0.3566575 0.2131752 
Fluminicola_seminalis_AY962974.1                   0.3712251 0.2196354 0.2271052 0.2225249 0.2039054 0.3151847 0.3762570 0.2853100 0.2866241 0.1563048 0.0875896 0.1098048 0.0894675 0.1824279 0.1076105 0.0912026 0.0890312 0.1192796 0.1234050 0.1784924 0.1510383 0.1033094 0.0724750 0.0637766 0.1174209 0.0871561 0.0964684 0.1147303 0.0000000 0.1096436 0.1020297 0.2921191 0.3047985 0.1097187 0.0981633 0.4623370 0.4165665 0.2399277 0.2043277 0.1949812 0.2074710 0.2236430 0.4076775 0.2443913 0.2298588 0.4309013 0.3964344 0.5612395 0.3958822 0.3740737 0.3736296 0.2234930 
Fluminicola_turbiniformis_AY962986.1               0.3667218 0.2069820 0.1886478 0.1924554 0.1837455 0.3354693 0.4289280 0.2574127 0.2661461 0.1219443 0.1124450 0.0962530 0.1235647 0.1900032 0.0781726 0.1254307 0.1232086 0.1033400 0.0984437 0.1876835 0.1588813 0.0907329 0.1136194 0.1103575 0.0909931 0.1168042 0.0955205 0.0998126 0.1096436 0.0000000 0.0846087 0.2822949 0.2806104 0.1179430 0.0272433 0.4343727 0.4829682 0.2100884 0.1860676 0.1780049 0.1890929 0.1900832 0.4224124 0.2531235 0.2416453 0.4916394 0.4178184 0.5219491 0.4376782 0.3868955 0.3190265 0.1936197 
Fluminicola_umbilicatus_AY962990.1                 0.3517021 0.1964512 0.1799541 0.1837517 0.1875155 0.3187785 0.3872419 0.2681048 0.2788476 0.1613538 0.1036195 0.0392164 0.1099694 0.1734429 0.0426448 0.1118054 0.1093828 0.0482768 0.1053025 0.1807827 0.1421282 0.0946668 0.1038562 0.0972812 0.0558134 0.1071997 0.0412902 0.0533142 0.1020297 0.0846087 0.0000000 0.2765904 0.2701687 0.0708173 0.0800925 0.4451081 0.4325375 0.2021943 0.1721850 0.1750882 0.1751715 0.1793544 0.3823355 0.2316584 0.2165054 0.4795985 0.4135003 0.5168878 0.3752328 0.3663244 0.3484819 0.1969350 
Fluminicola_umpquaensis_MF157611.1                 0.3422844 0.2504947 0.2552701 0.2543225 0.2524736 0.2764040 0.3948532 0.2746121 0.2637807 0.1613538 0.2634017 0.2785257 0.2922133 0.2931373 0.2788877 0.2900126 0.2734519 0.2618386 0.2850800 0.2918368 0.2518570 0.2919028 0.2612693 0.2877415 0.2712064 0.2792706 0.2755538 0.2892117 0.2921191 0.2822949 0.2765904 0.0000000 0.0392411 0.2782396 0.2997945 0.4249549 0.3955038 0.2537136 0.2231913 0.2321704 0.2264184 0.2416742 0.3160380 0.2321368 0.2241712 0.3983253 0.3017370 0.4618495 0.3748239 0.3256067 0.3482211 0.2581416 
Fluminicola_virens_AY962992.1                      0.3319759 0.2388268 0.2344428 0.2426783 0.2406609 0.2846134 0.4168453 0.2898639 0.2879331 0.1613538 0.2657015 0.2884264 0.2961862 0.2919605 0.2816411 0.2867656 0.2774876 0.2778317 0.2612356 0.2977213 0.2834007 0.2578676 0.2726604 0.2865442 0.2882353 0.2893362 0.2939410 0.2896124 0.3047985 0.2806104 0.2701687 0.0392411 0.0000000 0.2980544 0.2983897 0.4304540 0.3732357 0.2386749 0.2175864 0.2263128 0.2207452 0.2272320 0.3088561 0.2356368 0.2276465 0.4259788 0.3241536 0.4641422 0.3770048 0.3686483 0.3295923 0.2507583 
Fluminicola_virginius_AY962993.1                   0.3578532 0.1865394 0.1722173 0.1747296 0.1640331 0.2997424 0.3843555 0.2471982 0.2293208 0.1613538 0.1106185 0.0678139 0.1134585 0.1875616 0.0644629 0.1237563 0.1212583 0.0818744 0.1188164 0.1839608 0.1572427 0.1099545 0.1110054 0.1252929 0.0742079 0.1134305 0.0607710 0.0664191 0.1097187 0.1179430 0.0708173 0.2782396 0.2980544 0.0000000 0.1127722 0.4493304 0.4370670 0.1754656 0.1625498 0.1563609 0.1655317 0.1746100 0.3861379 0.2288790 0.2162560 0.4299483 0.4214022 0.5550288 0.3511261 0.3652136 0.3362820 0.1761497 
Fluminicola_warnerensis_AY963000.1                 0.3976922 0.2169480 0.1983191 0.2022246 0.1933888 0.3420164 0.4225069 0.2883486 0.3056523 0.1613538 0.0988979 0.0954609 0.1117474 0.1956312 0.0855741 0.1052129 0.1072518 0.1024619 0.1078754 0.1990540 0.1462169 0.1023599 0.0955672 0.0905904 0.0921778 0.0990767 0.0843113 0.0950511 0.0981633 0.0272433 0.0800925 0.2997945 0.2983897 0.1127722 0.0000000 0.4618040 0.4479446 0.2140510 0.1832789 0.1809731 0.1862954 0.1938995 0.4146536 0.2604478 0.2428667 0.4726275 0.4045195 0.5400114 0.4197476 0.3907797 0.3399256 0.2036271 
Fontigens_nickliniana_MT425027.1_Fontigenidae_MN   0.3785480 0.3810471 0.3869673 0.3828527 0.3577286 0.4219227 0.4276106 0.4311445 0.4119563 0.1916025 0.4570979 0.4734075 0.4681003 0.4495297 0.4400621 0.4824754 0.4860922 0.4800678 0.4340226 0.4700586 0.4361495 0.4034146 0.4942868 0.4550314 0.4844999 0.4749639 0.4602400 0.4697340 0.4623370 0.4343727 0.4451081 0.4249549 0.4304540 0.4493304 0.4618040 0.0000000 0.5233493 0.3869271 0.4025396 0.3751670 0.4067209 0.3807504 0.4711302 0.3836279 0.3569341 0.5120155 0.4586181 0.6016049 0.4743249 0.4394145 0.4834766 0.3604690 
Holsingeria_unthanksensis_AF520947.1               0.4454886 0.4008595 0.3996129 0.3975447 0.3705342 0.3657193 0.3726300 0.4352856 0.4446225 0.2210811 0.4252111 0.4454632 0.4229103 0.4019873 0.4394515 0.4172961 0.4163357 0.4256707 0.4372996 0.4033057 0.3994176 0.4427393 0.4271427 0.4323939 0.4662584 0.3990591 0.4391797 0.4566959 0.4165665 0.4829682 0.4325375 0.3955038 0.3732357 0.4370670 0.4479446 0.5233493 0.0000000 0.3889833 0.4018726 0.4063664 0.3982342 0.3994066 0.3292472 0.3669203 0.3479310 0.4349961 0.3917942 0.5147462 0.4007164 0.3752605 0.4843781 0.3928695 
Kobeltocochlea_falsipumyla_PP430728.1              0.3161580 0.0722618 0.0647230 0.0646030 0.0595280 0.2835104 0.3858425 0.2140658 0.2079283 0.1650796 0.2106503 0.2040106 0.2434983 0.2941705 0.1805148 0.2474034 0.2396658 0.2140100 0.2212724 0.2662498 0.2304948 0.2025730 0.2136148 0.2307239 0.2106146 0.2187102 0.1998045 0.2101018 0.2399277 0.2100884 0.2021943 0.2537136 0.2386749 0.1754656 0.2140510 0.3869271 0.3889833 0.0000000 0.0818592 0.0779759 0.0797097 0.0608677 0.3615181 0.1213952 0.1188951 0.4231743 0.4158760 0.4798058 0.3630411 0.3846482 0.2685085 0.0711119 
Kobeltocochlea_lindholmiana_MH514843.1             0.3125516 0.0652623 0.0525786 0.0568971 0.0602118 0.2590659 0.3673210 0.2155467 0.2098084 0.1678234 0.1796126 0.1866989 0.2113567 0.2819585 0.1683911 0.2089317 0.1988740 0.2030943 0.2029123 0.2576154 0.2190850 0.1764114 0.1770546 0.1881847 0.1943656 0.1963809 0.1920272 0.1937840 0.2043277 0.1860676 0.1721850 0.2231913 0.2175864 0.1625498 0.1832789 0.4025396 0.4018726 0.0818592 0.0000000 0.0106805 0.0017421 0.0616041 0.3031240 0.1230580 0.1126547 0.4233416 0.3977550 0.4617257 0.3896037 0.3480044 0.2641862 0.0579465 
Kobeltocochlea_martensiana_MH514836.1              0.3003635 0.0594660 0.0488829 0.0511707 0.0563949 0.2502898 0.3554564 0.2028606 0.1939923 0.1678234 0.1698033 0.1889197 0.1958879 0.2574511 0.1649702 0.1994217 0.1896677 0.2053016 0.1868394 0.2340418 0.2083501 0.1665085 0.1729173 0.1791919 0.1858916 0.1918211 0.1883920 0.1795252 0.1949812 0.1780049 0.1750882 0.2321704 0.2263128 0.1563609 0.1809731 0.3751670 0.4063664 0.0779759 0.0106805 0.0000000 0.0124981 0.0578259 0.3061972 0.1218753 0.1114021 0.4304483 0.4042343 0.4877977 0.3642689 0.3644201 0.2608587 0.0541522 
Kobeltocochlea_olchonensis_MH514852.1              0.3164630 0.0673788 0.0546163 0.0589671 0.0623435 0.2625836 0.3715353 0.2190088 0.2141739 0.1678234 0.1825971 0.1897371 0.2145300 0.2854316 0.1713396 0.2121051 0.2019988 0.2062209 0.2059897 0.2610104 0.2222586 0.1794329 0.1800411 0.1912948 0.1975115 0.1995586 0.1950837 0.1969054 0.2074710 0.1890929 0.1751715 0.2264184 0.2207452 0.1655317 0.1862954 0.4067209 0.3982342 0.0797097 0.0017421 0.0124981 0.0000000 0.0637187 0.2997964 0.1207238 0.1150705 0.4277818 0.4019890 0.4662098 0.3941138 0.3441206 0.2610010 0.0600574 
Kobeltocochlea_tamarae_MH514856.1                  0.3053840 0.0412023 0.0293142 0.0333031 0.0478469 0.2919071 0.3953082 0.1998602 0.1872576 0.1708769 0.1751725 0.1935326 0.2000555 0.2641737 0.1568538 0.2036943 0.1965436 0.1981790 0.1867953 0.2522189 0.2214358 0.1758270 0.1849239 0.2064198 0.2086548 0.1972965 0.1850503 0.2007740 0.2236430 0.1900832 0.1793544 0.2416742 0.2272320 0.1746100 0.1938995 0.3807504 0.3994066 0.0608677 0.0616041 0.0578259 0.0637187 0.0000000 0.3217303 0.0978692 0.1023376 0.4473956 0.4227866 0.4695386 0.3715768 0.3591072 0.2486039 0.0440477 
Lithoglyphus_kreitneri_PV225358.1                  0.3703026 0.3193296 0.3042807 0.3054120 0.3249200 0.2738281 0.4002691 0.3139812 0.3080025 0.2316933 0.3552926 0.4121025 0.3733922 0.4272478 0.3927637 0.3818910 0.3702961 0.3894803 0.4202994 0.4358649 0.3905874 0.4293335 0.3729575 0.4233621 0.4047459 0.4107070 0.3866028 0.4105786 0.4076775 0.4224124 0.3823355 0.3160380 0.3088561 0.3861379 0.4146536 0.4711302 0.3292472 0.3615181 0.3031240 0.3061972 0.2997964 0.3217303 0.0000000 0.2909690 0.2954325 0.4358068 0.3829567 0.4744000 0.4085207 0.3292704 0.3223489 0.3043352 
Lithoglyphus_naticoides_AF354770.1                 0.3263994 0.0932750 0.0964602 0.0914746 0.0966117 0.2821828 0.3409797 0.2123366 0.2054708 0.1241448 0.2093698 0.2464016 0.2283715 0.2615577 0.2162349 0.2378128 0.2279189 0.2598588 0.2380570 0.2539010 0.2191045 0.2426004 0.2271121 0.2695927 0.2684297 0.2340145 0.2370397 0.2685770 0.2443913 0.2531235 0.2316584 0.2321368 0.2356368 0.2288790 0.2604478 0.3836279 0.3669203 0.1213952 0.1230580 0.1218753 0.1207238 0.0978692 0.2909690 0.0000000 0.0348864 0.3976205 0.3639554 0.4754007 0.3718412 0.3427737 0.2652412 0.1018308 
Lithoglyphus_prasinus_JX073652.1                   0.2863762 0.1003644 0.1054749 0.1052477 0.0925013 0.2544018 0.3153230 0.2050101 0.2001815 0.0901656 0.2027843 0.2310849 0.2101501 0.2419792 0.2088980 0.2258267 0.2162232 0.2498624 0.2294537 0.2328918 0.2067415 0.2327688 0.2138132 0.2560516 0.2581724 0.2052950 0.2218046 0.2407050 0.2298588 0.2416453 0.2165054 0.2241712 0.2276465 0.2162560 0.2428667 0.3569341 0.3479310 0.1188951 0.1126547 0.1114021 0.1150705 0.1023376 0.2954325 0.0348864 0.0000000 0.3757692 0.3363276 0.4421087 0.3421260 0.3329080 0.2453309 0.1017967 
Marstonia_lustrica_MK895933.1_Hydrobiidae_MN       0.4289464 0.4157083 0.4298778 0.4273821 0.4363471 0.2986358 0.1962693 0.3657032 0.3327696 0.3341394 0.3915317 0.4701695 0.3922773 0.4385135 0.4470100 0.3969199 0.4134236 0.4714528 0.4386517 0.4250541 0.3978892 0.4420770 0.3925068 0.4617858 0.4605021 0.3951821 0.4445451 0.4885907 0.4309013 0.4916394 0.4795985 0.3983253 0.4259788 0.4299483 0.4726275 0.5120155 0.4349961 0.4231743 0.4233416 0.4304483 0.4277818 0.4473956 0.4358068 0.3976205 0.3757692 0.0000000 0.3884011 0.5560267 0.3842490 0.3602072 0.3931071 0.4369593 
Phreatoceras_taylori_OR372104.1_Cochliopidae       0.3597248 0.4144483 0.4283581 0.4178873 0.4085730 0.4026902 0.2959982 0.4333803 0.3830191 0.3461355 0.3711436 0.4235067 0.4037765 0.4179545 0.4154734 0.4203294 0.3951781 0.4397573 0.3836861 0.3867594 0.3818431 0.4188438 0.4011310 0.4223530 0.4085297 0.4106925 0.4122415 0.4433987 0.3964344 0.4178184 0.4135003 0.3017370 0.3241536 0.4214022 0.4045195 0.4586181 0.3917942 0.4158760 0.3977550 0.4042343 0.4019890 0.4227866 0.3829567 0.3639554 0.3363276 0.3884011 0.0000000 0.4120899 0.3623347 0.2698257 0.4828644 0.4209882 
Pristinicola_hemphilli_AF520940.1                  0.4873380 0.4830540 0.4992132 0.4870275 0.4930683 0.5443710 0.5993867 0.4705061 0.4440093 0.3603464 0.5215852 0.5444429 0.5232449 0.6032875 0.5438415 0.5235411 0.5366484 0.5843474 0.5812263 0.6353504 0.5592221 0.5833623 0.5450033 0.5824682 0.5393509 0.5254545 0.5302177 0.5674701 0.5612395 0.5219491 0.5168878 0.4618495 0.4641422 0.5550288 0.5400114 0.6016049 0.5147462 0.4798058 0.4617257 0.4877977 0.4662098 0.4695386 0.4744000 0.4754007 0.4421087 0.5560267 0.4120899 0.0000000 0.4720415 0.3901768 0.4892850 0.4693296 
Probythinella_emarginata_AF520913.1_Hydrobiidae_MN 0.3431037 0.3851381 0.3703759 0.3792454 0.3558555 0.3319167 0.2820878 0.2765932 0.2985736 0.2676153 0.3678238 0.3971129 0.3783369 0.4224294 0.3883526 0.4033474 0.3890400 0.3921868 0.4063040 0.4000328 0.3879949 0.4094136 0.3585111 0.4125895 0.4193378 0.3827632 0.3814037 0.3759001 0.3958822 0.4376782 0.3752328 0.3748239 0.3770048 0.3511261 0.4197476 0.4743249 0.4007164 0.3630411 0.3896037 0.3642689 0.3941138 0.3715768 0.4085207 0.3718412 0.3421260 0.3842490 0.3623347 0.4720415 0.0000000 0.2858437 0.3197788 0.3674530 
Reticutriton_pfeifferianus_MH581362.1_Cymatiidae   0.3422457 0.3891099 0.3702814 0.3726240 0.3661954 0.2966825 0.3093297 0.2183750 0.2384910 0.0874934 0.3741905 0.3783567 0.3808815 0.3967860 0.3782022 0.3887952 0.3631916 0.3776614 0.3812222 0.3855537 0.3603274 0.4090304 0.3711267 0.4182271 0.3855449 0.3727971 0.3659175 0.4022574 0.3740737 0.3868955 0.3663244 0.3256067 0.3686483 0.3652136 0.3907797 0.4394145 0.3752605 0.3846482 0.3480044 0.3644201 0.3441206 0.3591072 0.3292704 0.3427737 0.3329080 0.3602072 0.2698257 0.3901768 0.2858437 0.0000000 0.2771569 0.3925620 
Somatogyrus_AF520942.1                             0.3188383 0.2717657 0.2516893 0.2677101 0.2565653 0.2188880 0.3670518 0.0830097 0.0784577 0.0257377 0.3367367 0.3444972 0.3656101 0.3180949 0.3126483 0.3706839 0.3647913 0.3584367 0.3033694 0.3079118 0.3068430 0.3488321 0.3496152 0.3372072 0.3654656 0.3405359 0.3438196 0.3566575 0.3736296 0.3190265 0.3484819 0.3482211 0.3295923 0.3362820 0.3399256 0.4834766 0.4843781 0.2685085 0.2641862 0.2608587 0.2610010 0.2486039 0.3223489 0.2652412 0.2453309 0.3931071 0.4828644 0.4892850 0.3197788 0.2771569 0.0000000 0.2793915 
Yaroslawiella_eximia_MH514832.1                    0.2899714 0.0352779 0.0258369 0.0275706 0.0437246 0.2909473 0.3707406 0.2131577 0.2086103 0.1650796 0.1802872 0.2118305 0.2061208 0.2696966 0.1811994 0.2168139 0.2126653 0.2253221 0.2041111 0.2377064 0.2231840 0.1735029 0.1777185 0.2029801 0.2142427 0.1833563 0.2093437 0.2131752 0.2234930 0.1936197 0.1969350 0.2581416 0.2507583 0.1761497 0.2036271 0.3604690 0.3928695 0.0711119 0.0579465 0.0541522 0.0600574 0.0440477 0.3043352 0.1018308 0.1017967 0.4369593 0.4209882 0.4693296 0.3674530 0.3925620 0.2793915 0.0000000 
